timestamp,nemID1,1,2,3,4,5
0.0,1.0,40.0,150.4801009117102,155.4339468724495,155.50867769493314,160.80898423201833
0.0,2.0,150.4801009117102,40.0,133.92183895240169,133.62753629270435,150.3310532637835
0.0,3.0,155.4339468724495,133.92183895240169,40.0,88.44073565030773,142.19818854786394
0.0,4.0,155.50867769493314,133.62753629270435,88.44073565030773,40.0,142.66194878770176
0.0,5.0,160.80898423201833,150.3310532637835,142.19818854786394,142.66194878770176,40.0
1.0,1.0,40.0,150.4257693612745,155.38539148177628,155.49878334949213,160.85603551401422
1.0,2.0,150.4257693612745,40.0,133.77462610523747,133.64013653343505,150.42480423347257
1.0,3.0,155.38539148177628,133.77462610523747,40.0,88.09461533828497,142.45454314811892
1.0,4.0,155.49878334949213,133.64013653343505,88.09461533828497,40.0,142.83018228960782
1.0,5.0,160.85603551401422,150.42480423347257,142.45454314811892,142.83018228960782,40.0
2.0,1.0,40.0,150.33254049797011,155.35043389248725,155.3471429335269,160.8288903408077
2.0,2.0,150.33254049797011,40.0,133.86331925386403,133.3994190761254,150.4209244081356
2.0,3.0,155.35043389248725,133.86331925386403,40.0,85.5164513371447,142.39609832432015
2.0,4.0,155.3471429335269,133.3994190761254,85.5164513371447,40.0,142.8799116056702
2.0,5.0,160.8288903408077,150.4209244081356,142.39609832432015,142.8799116056702,40.0
3.0,1.0,40.0,150.2460669964812,155.3464218567878,155.34622271905008,160.8141164453497
3.0,2.0,150.2460669964812,40.0,134.01594028734553,133.5305951754776,150.42872142966036
3.0,3.0,155.3464218567878,134.01594028734553,40.0,87.21222939707441,142.33079828956943
3.0,4.0,155.34622271905008,133.5305951754776,87.21222939707441,40.0,142.8607922797994
3.0,5.0,160.8141164453497,150.42872142966036,142.33079828956943,142.8607922797994,40.0
4.0,1.0,40.0,150.13653210935018,155.29436777507004,155.28241806464732,160.80596446698254
4.0,2.0,150.13653210935018,40.0,134.10896064998076,133.62923710752125,150.5342233093472
4.0,3.0,155.29436777507004,134.10896064998076,40.0,85.73886366170616,142.45713400599578
4.0,4.0,155.28241806464732,133.62923710752125,85.73886366170616,40.0,142.95699668661314
4.0,5.0,160.80596446698254,150.5342233093472,142.45713400599578,142.95699668661314,40.0
5.0,1.0,40.0,150.05984055950145,155.27466242583506,155.2643478576877,160.74714625392295
5.0,2.0,150.05984055950145,40.0,134.1005160866087,133.747864825494,150.43504482986663
5.0,3.0,155.27466242583506,134.1005160866087,40.0,80.54247901897318,142.34760523119974
5.0,4.0,155.2643478576877,133.747864825494,80.54247901897318,40.0,142.7233741655457
5.0,5.0,160.74714625392295,150.43504482986663,142.34760523119974,142.7233741655457,40.0
6.0,1.0,40.0,149.97601924092166,155.17342952743087,155.19169989299212,160.76323258907595
6.0,2.0,149.97601924092166,40.0,133.9136990468774,133.63437613892557,150.54544024564018
6.0,3.0,155.17342952743087,133.9136990468774,40.0,81.49883586712647,142.64511160536844
6.0,4.0,155.19169989299212,133.63437613892557,81.49883586712647,40.0,142.9957392750365
6.0,5.0,160.76323258907595,150.54544024564018,142.64511160536844,142.9957392750365,40.0
7.0,1.0,40.0,149.9550185815002,155.23235843426158,155.2145933507162,160.7433200578584
7.0,2.0,149.9550185815002,40.0,134.1856985149186,133.93744249499196,150.5272271608934
7.0,3.0,155.23235843426158,134.1856985149186,40.0,71.97768174179126,142.46466215051862
7.0,4.0,155.2145933507162,133.93744249499196,71.97768174179126,40.0,142.70731538197856
7.0,5.0,160.7433200578584,150.5272271608934,142.46466215051862,142.70731538197856,40.0
8.0,1.0,40.0,149.96316273769915,155.13745182254024,155.1531277616919,160.7315392713709
8.0,2.0,149.96316273769915,40.0,133.78152160938527,133.5636535503309,150.48334514378445
8.0,3.0,155.13745182254024,133.78152160938527,40.0,77.3550900335408,142.6325625017616
8.0,4.0,155.1531277616919,133.5636535503309,77.3550900335408,40.0,142.9068924682383
8.0,5.0,160.7315392713709,150.48334514378445,142.6325625017616,142.9068924682383,40.0
9.0,1.0,40.0,149.85103481517396,155.03273741753154,155.11888380876098,160.71563589823774
9.0,2.0,149.85103481517396,40.0,133.6067954962545,133.79310667964626,150.50195324192688
9.0,3.0,155.03273741753154,133.6067954962545,40.0,66.62849751735536,142.7734275746264
9.0,4.0,155.11888380876098,133.79310667964626,66.62849751735536,40.0,142.74771370340284
9.0,5.0,160.71563589823774,150.50195324192688,142.7734275746264,142.74771370340284,40.0
10.0,1.0,40.0,149.76598165614192,155.00725980151776,155.016751646874,160.70383237403644
10.0,2.0,149.76598165614192,40.0,133.6821943297615,133.63590031231251,150.57903793226075
10.0,3.0,155.00725980151776,133.6821943297615,40.0,55.96932328578295,142.89549630486312
10.0,4.0,155.016751646874,133.63590031231251,55.96932328578295,40.0,142.9669251004746
10.0,5.0,160.70383237403644,150.57903793226075,142.89549630486312,142.9669251004746,40.0
11.0,1.0,40.0,149.5919928264804,155.01250240871823,154.9951100099821,160.6786406056012
11.0,2.0,149.5919928264804,40.0,134.07245751240254,133.88897701828887,150.59224033816918
11.0,3.0,155.01250240871823,134.07245751240254,40.0,66.11764906766217,142.6968718980402
11.0,4.0,154.9951100099821,133.88897701828887,66.11764906766217,40.0,142.87228037667305
11.0,5.0,160.6786406056012,150.59224033816918,142.6968718980402,142.87228037667305,40.0
12.0,1.0,40.0,149.55802944961988,154.87036847712088,154.87718241000223,160.65221429976458
12.0,2.0,149.55802944961988,40.0,133.7596121791193,133.71757335999564,150.6321764561646
12.0,3.0,154.87036847712088,133.7596121791193,40.0,52.7003640138812,142.89932635564054
12.0,4.0,154.87718241000223,133.71757335999564,52.7003640138812,40.0,142.959234449318
12.0,5.0,160.65221429976458,150.6321764561646,142.89932635564054,142.959234449318,40.0
13.0,1.0,40.0,149.37798879658556,154.80891746404617,154.81658443054118,160.6435101314227
13.0,2.0,149.37798879658556,40.0,133.92109847290095,133.91648162718312,150.75657188930649
13.0,3.0,154.80891746404617,133.92109847290095,40.0,40.06681599909753,143.0398624022258
13.0,4.0,154.81658443054118,133.91648162718312,40.06681599909753,40.0,143.06124942473872
13.0,5.0,160.6435101314227,150.75657188930649,143.0398624022258,143.06124942473872,40.0
14.0,1.0,40.0,149.258617824471,154.76941309645545,154.75396493424347,160.58472201249245
14.0,2.0,149.258617824471,40.0,133.88781949542565,133.90386792420446,150.67635030576233
14.0,3.0,154.76941309645545,133.88781949542565,40.0,54.65876498969813,143.01141053663002
14.0,4.0,154.75396493424347,133.90386792420446,54.65876498969813,40.0,142.95731545005142
14.0,5.0,160.58472201249245,150.67635030576233,143.01141053663002,142.95731545005142,40.0
15.0,1.0,40.0,149.27952319797913,154.78529082859419,154.7617093149213,160.601646324074
15.0,2.0,149.27952319797913,40.0,133.98806824064914,133.95955437578812,150.72524424838736
15.0,3.0,154.78529082859419,133.98806824064914,40.0,50.311470044178236,142.99272089986863
15.0,4.0,154.7617093149213,133.95955437578812,50.311470044178236,40.0,142.97422853976207
15.0,5.0,160.601646324074,150.72524424838736,142.99272089986863,142.97422853976207,40.0
16.0,1.0,40.0,149.1619668218642,154.76462101743545,154.7626420844698,160.57426229156067
16.0,2.0,149.1619668218642,40.0,133.99722925350443,134.15683626709125,150.7030689111151
16.0,3.0,154.76462101743545,133.99722925350443,40.0,71.1138662465964,143.0497536922839
16.0,4.0,154.7626420844698,134.15683626709125,71.1138662465964,40.0,142.85038238025697
16.0,5.0,160.57426229156067,150.7030689111151,143.0497536922839,142.85038238025697,40.0
17.0,1.0,40.0,149.14177812825193,154.6268177181108,154.73374745565002,160.58842398001678
17.0,2.0,149.14177812825193,40.0,133.55634456560023,134.0540952520762,150.75696251453493
17.0,3.0,154.6268177181108,133.55634456560023,40.0,74.8918926677024,143.36788911692133
17.0,4.0,154.73374745565002,134.0540952520762,74.8918926677024,40.0,143.0290875998911
17.0,5.0,160.58842398001678,150.75696251453493,143.36788911692133,143.0290875998911,40.0
18.0,1.0,40.0,149.02140565662768,154.69552779802035,154.63351756303976,160.59062787576036
18.0,2.0,149.02140565662768,40.0,134.00796354644626,134.06499775228664,150.8102681785535
18.0,3.0,154.69552779802035,134.00796354644626,40.0,78.99345089255743,143.2472680897766
18.0,4.0,154.63351756303976,134.06499775228664,78.99345089255743,40.0,143.03070983850972
18.0,5.0,160.59062787576036,150.8102681785535,143.2472680897766,143.03070983850972,40.0
19.0,1.0,40.0,148.8846876629445,154.55511662462845,154.5619774902782,160.47539254499557
19.0,2.0,148.8846876629445,40.0,133.90118731168926,134.1892685510274,150.75884690939648
19.0,3.0,154.55511662462845,133.90118731168926,40.0,79.5027661645066,143.22351007576103
19.0,4.0,154.5619774902782,134.1892685510274,79.5027661645066,40.0,142.889846297985
19.0,5.0,160.47539254499557,150.75884690939648,143.22351007576103,142.889846297985,40.0
20.0,1.0,40.0,148.84807002373364,154.47512726711471,154.49438239344818,160.52288636878015
20.0,2.0,148.84807002373364,40.0,133.68013547299324,134.02176291563762,150.85522049083195
20.0,3.0,154.47512726711471,133.68013547299324,40.0,80.41884650196532,143.48934421537137
20.0,4.0,154.49438239344818,134.02176291563762,80.41884650196532,40.0,143.12947181188343
20.0,5.0,160.52288636878015,150.85522049083195,143.48934421537137,143.12947181188343,40.0
21.0,1.0,40.0,148.7273562050383,154.47004515798335,154.426391432161,160.48865442154505
21.0,2.0,148.7273562050383,40.0,133.8758077123291,134.06447054418126,150.82852237906656
21.0,3.0,154.47004515798335,133.8758077123291,40.0,83.29481775272116,143.3682651719679
21.0,4.0,154.426391432161,134.06447054418126,83.29481775272116,40.0,143.03559586278502
21.0,5.0,160.48865442154505,150.82852237906656,143.3682651719679,143.03559586278502,40.0
22.0,1.0,40.0,148.69151180019833,154.44693638962144,154.4390012017516,160.4998970438281
22.0,2.0,148.69151180019833,40.0,133.88214431282273,134.20476960178718,150.8861526648177
22.0,3.0,154.44693638962144,133.88214431282273,40.0,84.4843392573967,143.45755216791247
22.0,4.0,154.4390012017516,134.20476960178718,84.4843392573967,40.0,143.04585417271613
22.0,5.0,160.4998970438281,150.8861526648177,143.45755216791247,143.04585417271613,40.0
23.0,1.0,40.0,148.66824650850938,154.4625511974341,154.39401598709162,160.4658735715263
23.0,2.0,148.66824650850938,40.0,133.9342734727637,134.152901384431,150.82713258268944
23.0,3.0,154.4625511974341,133.9342734727637,40.0,88.41266626908725,143.37726008888723
23.0,4.0,154.39401598709162,134.152901384431,88.41266626908725,40.0,142.94580381053095
23.0,5.0,160.4658735715263,150.82713258268944,143.37726008888723,142.94580381053095,40.0
24.0,1.0,40.0,148.56416825945195,154.3380083020018,154.34573863011306,160.49927580415823
24.0,2.0,148.56416825945195,40.0,133.68954736505736,134.208468073543,150.97124931989848
24.0,3.0,154.3380083020018,133.68954736505736,40.0,90.9251166303012,143.76781738619806
24.0,4.0,154.34573863011306,134.208468073543,90.9251166303012,40.0,143.1534142754466
24.0,5.0,160.49927580415823,150.97124931989848,143.76781738619806,143.1534142754466,40.0
25.0,1.0,40.0,148.36742518293687,154.30016261224023,154.21046283839414,160.42199678216537
25.0,2.0,148.36742518293687,40.0,134.1051836615328,134.20584008278863,151.01667971714363
25.0,3.0,154.30016261224023,134.1051836615328,40.0,86.54816106254387,143.58726745827755
25.0,4.0,154.21046283839414,134.20584008278863,86.54816106254387,40.0,143.24782326944273
25.0,5.0,160.42199678216537,151.01667971714363,143.58726745827755,143.24782326944273,40.0
26.0,1.0,40.0,148.1807006107761,154.19181937075655,154.17269781875578,160.42010820619726
26.0,2.0,148.1807006107761,40.0,133.94394708003495,134.37575633935876,151.02890604650258
26.0,3.0,154.19181937075655,133.94394708003495,40.0,92.07336460686844,143.78966273870105
26.0,4.0,154.17269781875578,134.37575633935876,92.07336460686844,40.0,143.17438357129743
26.0,5.0,160.42010820619726,151.02890604650258,143.78966273870105,143.17438357129743,40.0
27.0,1.0,40.0,148.2553068402141,154.14147206708145,154.15155502256346,160.36777166198104
27.0,2.0,148.2553068402141,40.0,133.65939322287144,134.2243188403603,150.94614182003897
27.0,3.0,154.14147206708145,133.65939322287144,40.0,92.82132386599304,143.80490145314454
27.0,4.0,154.15155502256346,134.2243188403603,92.82132386599304,40.0,143.1180100467168
27.0,5.0,160.36777166198104,150.94614182003897,143.80490145314454,143.1180100467168,40.0
28.0,1.0,40.0,148.2567215204192,154.18942935930335,154.18523278187246,160.44289810821206
28.0,2.0,148.2567215204192,40.0,133.71947427772255,134.3027740463556,151.02906477777856
28.0,3.0,154.18942935930335,133.71947427772255,40.0,95.21705782145563,143.9493627546398
28.0,4.0,154.18523278187246,134.3027740463556,95.21705782145563,40.0,143.18893120014607
28.0,5.0,160.44289810821206,151.02906477777856,143.9493627546398,143.18893120014607,40.0
29.0,1.0,40.0,148.12825366525254,154.13486631518455,154.09743624171034,160.37346883126784
29.0,2.0,148.12825366525254,40.0,133.79454280391258,134.24565987137834,150.96645648437448
29.0,3.0,154.13486631518455,133.79454280391258,40.0,94.69954724244883,143.83240536375706
29.0,4.0,154.09743624171034,134.24565987137834,94.69954724244883,40.0,143.13690374838498
29.0,5.0,160.37346883126784,150.96645648437448,143.83240536375706,143.13690374838498,40.0
30.0,1.0,40.0,148.01616763817765,154.00612697697233,153.98744854632648,160.36905484051007
30.0,2.0,148.01616763817765,40.0,133.71868222959023,134.21538916334583,151.07428079832127
30.0,3.0,154.00612697697233,133.71868222959023,40.0,93.7471780070631,143.9593227232553
30.0,4.0,153.98744854632648,134.21538916334583,93.7471780070631,40.0,143.2897828852046
30.0,5.0,160.36905484051007,151.07428079832127,143.9593227232553,143.2897828852046,40.0
31.0,1.0,40.0,147.8960373786345,154.02054460305658,154.0439859501313,160.36488647376052
31.0,2.0,147.8960373786345,40.0,133.9433039668763,134.64633343538142,151.1384843635393
31.0,3.0,154.02054460305658,133.9433039668763,40.0,97.03146711814986,144.02591045758143
31.0,4.0,154.0439859501313,134.64633343538142,97.03146711814986,40.0,143.15214044700502
31.0,5.0,160.36488647376052,151.1384843635393,144.02591045758143,143.15214044700502,40.0
32.0,1.0,40.0,147.8756396800784,153.97327338387424,153.97833966575328,160.323624891863
32.0,2.0,147.8756396800784,40.0,133.80917018629486,134.5162573015371,151.0872532857099
32.0,3.0,153.97327338387424,133.80917018629486,40.0,98.36577198040897,144.0448751737836
32.0,4.0,153.97833966575328,134.5162573015371,98.36577198040897,40.0,143.12622028501923
32.0,5.0,160.323624891863,151.0872532857099,144.0448751737836,143.12622028501923,40.0
33.0,1.0,40.0,147.68153512268776,153.82936464587007,153.89772721034393,160.27120519578406
33.0,2.0,147.68153512268776,40.0,133.72518642237765,134.5954187304769,151.12006067365937
33.0,3.0,153.82936464587007,133.72518642237765,40.0,98.3738898942671,144.16745004191932
33.0,4.0,153.89772721034393,134.5954187304769,98.3738898942671,40.0,143.17516126686186
33.0,5.0,160.27120519578406,151.12006067365937,144.16745004191932,143.17516126686186,40.0
34.0,1.0,40.0,147.6726456169407,153.8174680570751,153.90508193506045,160.32785124026714
34.0,2.0,147.6726456169407,40.0,133.69315696866002,134.67174768906824,151.20684693578463
34.0,3.0,153.8174680570751,133.69315696866002,40.0,99.68552404234015,144.30491394669127
34.0,4.0,153.90508193506045,134.67174768906824,99.68552404234015,40.0,143.23193220660272
34.0,5.0,160.32785124026714,151.20684693578463,144.30491394669127,143.23193220660272,40.0
35.0,1.0,40.0,147.53126413897087,153.83761750361597,153.8558262547233,160.32343089021833
35.0,2.0,147.53126413897087,40.0,134.04968428329704,134.85677952917004,151.28183566992539
35.0,3.0,153.83761750361597,134.04968428329704,40.0,100.81504336451442,144.2579862171798
35.0,4.0,153.8558262547233,134.85677952917004,100.81504336451442,40.0,143.2056863457411
35.0,5.0,160.32343089021833,151.28183566992539,144.2579862171798,143.2056863457411,40.0
36.0,1.0,40.0,147.50131515935834,153.75279835433167,153.71923290179643,160.20721313135317
36.0,2.0,147.50131515935834,40.0,133.78678385534934,134.4795581461335,151.09180848236508
36.0,3.0,153.75279835433167,133.78678385534934,40.0,101.5081426823617,144.1592892374413
36.0,4.0,153.71923290179643,134.4795581461335,101.5081426823617,40.0,143.12221380018264
36.0,5.0,160.20721313135317,151.09180848236508,144.1592892374413,143.12221380018264,40.0
37.0,1.0,40.0,147.3227156416325,153.73250236706573,153.6905391409628,160.22282977049727
37.0,2.0,147.3227156416325,40.0,134.09494212423215,134.77670480271794,151.2171920477723
37.0,3.0,153.73250236706573,134.09494212423215,40.0,102.33137080727273,144.19147973402474
37.0,4.0,153.6905391409628,134.77670480271794,102.33137080727273,40.0,143.1240161011006
37.0,5.0,160.22282977049727,151.2171920477723,144.19147973402474,143.1240161011006,40.0
38.0,1.0,40.0,147.2711788199315,153.63801003780395,153.66214775016954,160.18556524788363
38.0,2.0,147.2711788199315,40.0,133.89734385809754,134.83670639665382,151.23037694314002
38.0,3.0,153.63801003780395,133.89734385809754,40.0,103.52647381075644,144.34774231334956
38.0,4.0,153.66214775016954,134.83670639665382,103.52647381075644,40.0,143.11239139272342
38.0,5.0,160.18556524788363,151.23037694314002,144.34774231334956,143.11239139272342,40.0
39.0,1.0,40.0,147.32136898387722,153.65555294740705,153.65344246437513,160.22826356625072
39.0,2.0,147.32136898387722,40.0,133.80461900451252,134.63742736088977,151.23489261008018
39.0,3.0,153.65555294740705,133.80461900451252,40.0,103.06312828587998,144.41344830354618
39.0,4.0,153.65344246437513,134.63742736088977,103.06312828587998,40.0,143.25121427302105
39.0,5.0,160.22826356625072,151.23489261008018,144.41344830354618,143.25121427302105,40.0
40.0,1.0,40.0,147.1902490477761,153.53351787381226,153.58260868116906,160.15383025702354
40.0,2.0,147.1902490477761,40.0,133.70542249437446,134.63984699567393,151.17618570596784
40.0,3.0,153.53351787381226,133.70542249437446,40.0,102.21285563227303,144.3446538896123
40.0,4.0,153.58260868116906,134.63984699567393,102.21285563227303,40.0,143.17505668846638
40.0,5.0,160.15383025702354,151.17618570596784,144.3446538896123,143.17505668846638,40.0
41.0,1.0,40.0,147.06419994147018,153.5105814498649,153.48715779835925,160.17833853772345
41.0,2.0,147.06419994147018,40.0,133.87249676506096,134.69569156760326,151.33184186154028
41.0,3.0,153.5105814498649,133.87249676506096,40.0,104.34551338782344,144.55702044391222
41.0,4.0,153.48715779835925,134.69569156760326,104.34551338782344,40.0,143.34584877912982
41.0,5.0,160.17833853772345,151.33184186154028,144.55702044391222,143.34584877912982,40.0
42.0,1.0,40.0,147.0324534317289,153.53763738618193,153.5367626248475,160.21533143995663
42.0,2.0,147.0324534317289,40.0,133.91668242057733,134.8423725083403,151.3432058463644
42.0,3.0,153.53763738618193,133.91668242057733,40.0,105.99444630913142,144.63224312068726
42.0,4.0,153.5367626248475,134.8423725083403,105.99444630913142,40.0,143.27486509801915
42.0,5.0,160.21533143995663,151.3432058463644,144.63224312068726,143.27486509801915,40.0
43.0,1.0,40.0,146.82271346420208,153.48462953740506,153.39360649569483,160.13515872547518
43.0,2.0,146.82271346420208,40.0,134.2642753270061,134.95655727798453,151.3948587139422
43.0,3.0,153.48462953740506,134.2642753270061,40.0,106.10305833973518,144.49180970132025
43.0,4.0,153.39360649569483,134.95655727798453,106.10305833973518,40.0,143.24322465796763
43.0,5.0,160.13515872547518,151.3948587139422,144.49180970132025,143.24322465796763,40.0
44.0,1.0,40.0,146.68846985417053,153.37043055757243,153.38391033356802,160.12436312355993
44.0,2.0,146.68846985417053,40.0,134.1589562383217,135.07363127147372,151.41095568730086
44.0,3.0,153.37043055757243,134.1589562383217,40.0,105.29058641748685,144.5466469193605
44.0,4.0,153.38391033356802,135.07363127147372,105.29058641748685,40.0,143.2353082522262
44.0,5.0,160.12436312355993,151.41095568730086,144.5466469193605,143.2353082522262,40.0
45.0,1.0,40.0,146.71849506637068,153.38560670494996,153.30829483245913,160.15768263795314
45.0,2.0,146.71849506637068,40.0,134.1205013833262,134.79223270271547,151.4655116341109
45.0,3.0,153.38560670494996,134.1205013833262,40.0,105.50978834700366,144.69365455032812
45.0,4.0,153.30829483245913,134.79223270271547,105.50978834700366,40.0,143.48944561503714
45.0,5.0,160.15768263795314,151.4655116341109,144.69365455032812,143.48944561503714,40.0
46.0,1.0,40.0,146.5968450942775,153.2747237460661,153.26098251251355,160.04734145022815
46.0,2.0,146.5968450942775,40.0,133.93911467184168,134.88884274697415,151.34131557783016
46.0,3.0,153.2747237460661,133.93911467184168,40.0,107.79368723931705,144.71560432571982
46.0,4.0,153.26098251251355,134.88884274697415,107.79368723931705,40.0,143.22934985924798
46.0,5.0,160.04734145022815,151.34131557783016,144.71560432571982,143.22934985924798,40.0
47.0,1.0,40.0,146.36376531058488,153.15495386356702,153.18704082094325,160.03545333349496
47.0,2.0,146.36376531058488,40.0,134.09269629969452,135.08396112599561,151.48304161569126
47.0,3.0,153.15495386356702,134.09269629969452,40.0,106.45616218749112,144.78576960534772
47.0,4.0,153.18704082094325,135.08396112599561,106.45616218749112,40.0,143.3689163138686
47.0,5.0,160.03545333349496,151.48304161569126,144.78576960534772,143.3689163138686,40.0
48.0,1.0,40.0,146.38908957096945,153.2305974719537,153.21369873924775,160.0580320118866
48.0,2.0,146.38908957096945,40.0,134.22376195926356,135.10543440056705,151.46821264354168
48.0,3.0,153.2305974719537,134.22376195926356,40.0,107.40379841676754,144.74798514092646
48.0,4.0,153.21369873924775,135.10543440056705,107.40379841676754,40.0,143.31318043496591
48.0,5.0,160.0580320118866,151.46821264354168,144.74798514092646,143.31318043496591,40.0
49.0,1.0,40.0,146.1954149390928,153.12109916582324,153.03731723129977,160.05028232536864
49.0,2.0,146.1954149390928,40.0,134.26594888269943,134.9276329981211,151.54931450384066
49.0,3.0,153.12109916582324,134.26594888269943,40.0,107.06574363216836,144.83217397782533
49.0,4.0,153.03731723129977,134.9276329981211,107.06574363216836,40.0,143.53683339277882
49.0,5.0,160.05028232536864,151.54931450384066,144.83217397782533,143.53683339277882,40.0
50.0,1.0,40.0,146.258221670432,153.1669097278546,153.09902365192605,160.06069269584938
50.0,2.0,146.258221670432,40.0,134.27158552687052,135.03900441352732,151.5509239322776
50.0,3.0,153.1669097278546,134.27158552687052,40.0,108.08348461229838,144.8725033564063
50.0,4.0,153.09902365192605,135.03900441352732,108.08348461229838,40.0,143.4620946154904
50.0,5.0,160.06069269584938,151.5509239322776,144.8725033564063,143.4620946154904,40.0
51.0,1.0,40.0,146.10811406324325,152.97680100566288,152.99391673882639,160.02171107400744
51.0,2.0,146.10811406324325,40.0,133.94137434232806,135.04514944241328,151.57368317660868
51.0,3.0,152.97680100566288,133.94137434232806,40.0,109.8933578120415,145.13157856546434
51.0,4.0,152.99391673882639,135.04514944241328,109.8933578120415,40.0,143.4698483257353
51.0,5.0,160.02171107400744,151.57368317660868,145.13157856546434,143.4698483257353,40.0
52.0,1.0,40.0,146.00781307843735,153.0568887113092,152.95798745196385,159.98111589390425
52.0,2.0,146.00781307843735,40.0,134.33548484239702,135.0606219368304,151.52406171321644
52.0,3.0,153.0568887113092,134.33548484239702,40.0,109.98748808214613,144.93517703557615
52.0,4.0,152.95798745196385,135.0606219368304,109.98748808214613,40.0,143.39363448814572
52.0,5.0,159.98111589390425,151.52406171321644,144.93517703557615,143.39363448814572,40.0
53.0,1.0,40.0,146.0340383591794,152.94781069094023,152.87791786213052,159.95733229143582
53.0,2.0,146.0340383591794,40.0,134.05401306460743,134.9306056193442,151.54827477177358
53.0,3.0,152.94781069094023,134.05401306460743,40.0,109.54706030357465,144.99362093253444
53.0,4.0,152.87791786213052,134.9306056193442,109.54706030357465,40.0,143.4687682324213
53.0,5.0,159.95733229143582,151.54827477177358,144.99362093253444,143.4687682324213,40.0
54.0,1.0,40.0,145.82949166226655,152.92069895449765,152.8271819333093,159.97984420395636
54.0,2.0,145.82949166226655,40.0,134.3022246941398,135.03391879513762,151.6377576105138
54.0,3.0,152.92069895449765,134.3022246941398,40.0,109.62147638090785,145.06149169266672
54.0,4.0,152.8271819333093,135.03391879513762,109.62147638090785,40.0,143.57633078537964
54.0,5.0,159.97984420395636,151.6377576105138,145.06149169266672,143.57633078537964,40.0
55.0,1.0,40.0,145.7925298453997,152.8662518449261,152.822440090396,159.94932552884381
55.0,2.0,145.7925298453997,40.0,134.17662900249042,135.17134798654143,151.62860124156558
55.0,3.0,152.8662518449261,134.17662900249042,40.0,111.63301382526913,145.19507732478735
55.0,4.0,152.822440090396,135.17134798654143,111.63301382526913,40.0,143.44545069435185
55.0,5.0,159.94932552884381,151.62860124156558,145.19507732478735,143.44545069435185,40.0
56.0,1.0,40.0,145.8255723587382,152.87323977642174,152.8598094151318,159.92963262858933
56.0,2.0,145.8255723587382,40.0,134.12659828086777,135.1718244504296,151.57267847352213
56.0,3.0,152.87323977642174,134.12659828086777,40.0,111.28358445351901,145.14848480286526
56.0,4.0,152.8598094151318,135.1718244504296,111.28358445351901,40.0,143.38301015868802
56.0,5.0,159.92963262858933,151.57267847352213,145.14848480286526,143.38301015868802,40.0
57.0,1.0,40.0,145.6946773391545,152.81393009842105,152.72465409625306,159.9496123122356
57.0,2.0,145.6946773391545,40.0,134.1985585195096,135.0352980459551,151.64558009023926
57.0,3.0,152.81393009842105,134.1985585195096,40.0,111.38641118050687,145.184473009619
57.0,4.0,152.72465409625306,135.0352980459551,111.38641118050687,40.0,143.5413635619489
57.0,5.0,159.9496123122356,151.64558009023926,145.184473009619,143.5413635619489,40.0
58.0,1.0,40.0,145.41795381849005,152.72988844460906,152.71424177365816,159.85987025988226
58.0,2.0,145.41795381849005,40.0,134.47583494700837,135.51589824785668,151.68623159032
58.0,3.0,152.72988844460906,134.47583494700837,40.0,112.05474347577405,145.15372243053105
58.0,4.0,152.71424177365816,135.51589824785668,112.05474347577405,40.0,143.32844910800486
58.0,5.0,159.85987025988226,151.68623159032,145.15372243053105,143.32844910800486,40.0
59.0,1.0,40.0,145.52582513823802,152.69906252091272,152.68381228560423,159.85659355865403
59.0,2.0,145.52582513823802,40.0,134.15488961621082,135.25951701661842,151.62708707159268
59.0,3.0,152.69906252091272,134.15488961621082,40.0,112.71337106558015,145.27937168484533
59.0,4.0,152.68381228560423,135.25951701661842,112.71337106558015,40.0,143.3822601146798
59.0,5.0,159.85659355865403,151.62708707159268,145.27937168484533,143.3822601146798,40.0
60.0,1.0,40.0,145.38678743138064,152.73197302616205,152.59776230490456,159.90601969754545
60.0,2.0,145.38678743138064,40.0,134.5379858924784,135.28212141792775,151.79547891027707
60.0,3.0,152.73197302616205,134.5379858924784,40.0,112.2610265833942,145.30290922506188
60.0,4.0,152.59776230490456,135.28212141792775,112.2610265833942,40.0,143.62703190997632
60.0,5.0,159.90601969754545,151.79547891027707,145.30290922506188,143.62703190997632,40.0
61.0,1.0,40.0,145.39995347528298,152.6035398922054,152.57343981785573,159.88405703769058
61.0,2.0,145.39995347528298,40.0,134.05554163234837,135.12770657823285,151.68441913634337
61.0,3.0,152.6035398922054,134.05554163234837,40.0,113.56847513044657,145.46641554068395
61.0,4.0,152.57343981785573,135.12770657823285,113.56847513044657,40.0,143.53246783173017
61.0,5.0,159.88405703769058,151.68441913634337,145.46641554068395,143.53246783173017,40.0
62.0,1.0,40.0,145.14509174361967,152.52227471860988,152.55282123143186,159.84559646366588
62.0,2.0,145.14509174361967,40.0,134.34593770775692,135.47243654544792,151.79428502882394
62.0,3.0,152.52227471860988,134.34593770775692,40.0,112.20594861014762,145.40746011845698
62.0,4.0,152.55282123143186,135.47243654544792,112.20594861014762,40.0,143.54653299350434
62.0,5.0,159.84559646366588,151.79428502882394,145.40746011845698,143.54653299350434,40.0
63.0,1.0,40.0,145.1002478110681,152.5121771113166,152.4779353591126,159.82542238898907
63.0,2.0,145.1002478110681,40.0,134.32418236992385,135.32476712409775,151.7699385424169
63.0,3.0,152.5121771113166,134.32418236992385,40.0,113.84963695035975,145.56473872295376
63.0,4.0,152.4779353591126,135.32476712409775,113.84963695035975,40.0,143.5924611408078
63.0,5.0,159.82542238898907,151.7699385424169,145.56473872295376,143.5924611408078,40.0
64.0,1.0,40.0,145.03515595929701,152.48538567696573,152.36288041575705,159.76894199255688
64.0,2.0,145.03515595929701,40.0,134.3806111797557,135.20698741709225,151.73756739960928
64.0,3.0,152.48538567696573,134.3806111797557,40.0,114.2866882016541,145.48620659964183
64.0,4.0,152.36288041575705,135.20698741709225,114.2866882016541,40.0,143.57016617582786
64.0,5.0,159.76894199255688,151.73756739960928,145.48620659964183,143.57016617582786,40.0
65.0,1.0,40.0,144.833360277095,152.30196948288915,152.3540370799083,159.72029562459505
65.0,2.0,144.833360277095,40.0,134.18641034409336,135.3900336160305,151.73350730854406
65.0,3.0,152.30196948288915,134.18641034409336,40.0,114.20150022083351,145.62585084533038
65.0,4.0,152.3540370799083,135.3900336160305,114.20150022083351,40.0,143.51388227144434
65.0,5.0,159.72029562459505,151.73350730854406,145.62585084533038,143.51388227144434,40.0
66.0,1.0,40.0,144.6733597235258,152.36420764443406,152.24546493198818,159.77079353340216
66.0,2.0,144.6733597235258,40.0,134.6687594828577,135.46197267152502,151.89174617839288
66.0,3.0,152.36420764443406,134.6687594828577,40.0,114.69123449794624,145.57246645603635
66.0,4.0,152.24546493198818,135.46197267152502,114.69123449794624,40.0,143.6478735038091
66.0,5.0,159.77079353340216,151.89174617839288,145.57246645603635,143.6478735038091,40.0
67.0,1.0,40.0,144.8653036842038,152.3461520203956,152.26812560526275,159.72413653818916
67.0,2.0,144.8653036842038,40.0,134.2637579168257,135.15010249609034,151.70622566534914
67.0,3.0,152.3461520203956,134.2637579168257,40.0,114.19502869406195,145.50697038466222
67.0,4.0,152.26812560526275,135.15010249609034,114.19502869406195,40.0,143.56596530274948
67.0,5.0,159.72413653818916,151.70622566534914,145.50697038466222,143.56596530274948,40.0
68.0,1.0,40.0,144.59743737062266,152.22521204291422,152.22595623930823,159.66807659266553
68.0,2.0,144.59743737062266,40.0,134.400661662905,135.4915218422761,151.785021307813
68.0,3.0,152.22521204291422,134.400661662905,40.0,114.69898570627159,145.59883567168703
68.0,4.0,152.22595623930823,135.4915218422761,114.69898570627159,40.0,143.4992622080485
68.0,5.0,159.66807659266553,151.785021307813,145.59883567168703,143.4992622080485,40.0
69.0,1.0,40.0,144.43164932996694,152.19440697291,152.07206071814244,159.70541329060165
69.0,2.0,144.43164932996694,40.0,134.62328252617488,135.42380468608258,151.95033957313086
69.0,3.0,152.19440697291,134.62328252617488,40.0,114.91302129185861,145.70204380490725
69.0,4.0,152.07206071814244,135.42380468608258,114.91302129185861,40.0,143.76420699413504
69.0,5.0,159.70541329060165,151.95033957313086,145.70204380490725,143.76420699413504,40.0
70.0,1.0,40.0,144.38482771692247,152.14300687130364,152.10643084705202,159.72271445560264
70.0,2.0,144.38482771692247,40.0,134.56195077328167,135.60042345246154,152.0072958765071
70.0,3.0,152.14300687130364,134.56195077328167,40.0,115.1750689058857,145.81101550915378
70.0,4.0,152.10643084705202,135.60042345246154,115.1750689058857,40.0,143.7486220978027
70.0,5.0,159.72271445560264,152.0072958765071,145.81101550915378,143.7486220978027,40.0
71.0,1.0,40.0,144.38911556581513,152.12076321993737,152.00294751455385,159.64431185881696
71.0,2.0,144.38911556581513,40.0,134.47450599660698,135.31380574146812,151.879797066531
71.0,3.0,152.12076321993737,134.47450599660698,40.0,115.43542187026247,145.7331222300058
71.0,4.0,152.00294751455385,135.31380574146812,115.43542187026247,40.0,143.71533321704945
71.0,5.0,159.64431185881696,151.879797066531,145.7331222300058,143.71533321704945,40.0
72.0,1.0,40.0,144.31454500861008,152.12754966485164,152.09153739524976,159.6475084413407
72.0,2.0,144.31454500861008,40.0,134.6129239666761,135.69367656605908,151.91325166307274
72.0,3.0,152.12754966485164,134.6129239666761,40.0,116.27606793155704,145.74647095762586
72.0,4.0,152.09153739524976,135.69367656605908,116.27606793155704,40.0,143.52221734459823
72.0,5.0,159.6475084413407,151.91325166307274,145.74647095762586,143.52221734459823,40.0
73.0,1.0,40.0,144.159307179103,152.00097681483265,151.9965312991854,159.59867577220896
73.0,2.0,144.159307179103,40.0,134.47741298225552,135.54751285653842,151.85298941251295
73.0,3.0,152.00097681483265,134.47741298225552,40.0,116.70096383942193,145.86662368327848
73.0,4.0,151.9965312991854,135.54751285653842,116.70096383942193,40.0,143.55325601722149
73.0,5.0,159.59867577220896,151.85298941251295,145.86662368327848,143.55325601722149,40.0
74.0,1.0,40.0,144.16777267252766,151.97123293917673,151.90270981669204,159.58812925477991
74.0,2.0,144.16777267252766,40.0,134.38905398108068,135.3833422030483,151.87551880153228
74.0,3.0,151.97123293917673,134.38905398108068,40.0,117.1659341756901,145.95059963746155
74.0,4.0,151.90270981669204,135.3833422030483,117.1659341756901,40.0,143.6559847450536
74.0,5.0,159.58812925477991,151.87551880153228,145.95059963746155,143.6559847450536,40.0
75.0,1.0,40.0,144.11208466650152,152.0390511836849,151.92422842437642,159.60239612527545
75.0,2.0,144.11208466650152,40.0,134.68593257396878,135.57065434041925,151.92704861093108
75.0,3.0,152.0390511836849,134.68593257396878,40.0,117.18230428067427,145.83855765000771
75.0,4.0,151.92422842437642,135.57065434041925,117.18230428067427,40.0,143.6024885444055
75.0,5.0,159.60239612527545,151.92704861093108,145.83855765000771,143.6024885444055,40.0
76.0,1.0,40.0,144.0276420434128,151.88960177892682,151.88567393590424,159.5998780891511
76.0,2.0,144.0276420434128,40.0,134.40890157453114,135.54561942252573,151.96377111073815
76.0,3.0,151.88960177892682,134.40890157453114,40.0,117.10295784221594,146.04573407726213
76.0,4.0,151.88567393590424,135.54561942252573,117.10295784221594,40.0,143.70624541427594
76.0,5.0,159.5998780891511,151.96377111073815,146.04573407726213,143.70624541427594,40.0
77.0,1.0,40.0,143.7364558208506,151.8665705483286,151.83657842037138,159.5984654719972
77.0,2.0,143.7364558208506,40.0,134.8426454996196,135.89287080991278,152.09405240326834
77.0,3.0,151.8665705483286,134.8426454996196,40.0,117.47183238058048,146.01060923166438
77.0,4.0,151.83657842037138,135.89287080991278,117.47183238058048,40.0,143.67691868673643
77.0,5.0,159.5984654719972,152.09405240326834,146.01060923166438,143.67691868673643,40.0
78.0,1.0,40.0,143.70453949318784,151.7627542218961,151.79671558239792,159.57365671247987
78.0,2.0,143.70453949318784,40.0,134.6119137837841,135.8644885730684,152.0719055302746
78.0,3.0,151.7627542218961,134.6119137837841,40.0,117.88958313980848,146.09408653878603
78.0,4.0,151.79671558239792,135.8644885730684,117.88958313980848,40.0,143.6432387515673
78.0,5.0,159.57365671247987,152.0719055302746,146.09408653878603,143.6432387515673,40.0
79.0,1.0,40.0,143.69844842423979,151.74050968037247,151.7392974686259,159.53516122217738
79.0,2.0,143.69844842423979,40.0,134.56675249338866,135.74899217741537,152.05057386388455
79.0,3.0,151.74050968037247,134.56675249338866,40.0,117.82644111579758,146.11191629396006
79.0,4.0,151.7392974686259,135.74899217741537,117.82644111579758,40.0,143.69036514111258
79.0,5.0,159.53516122217738,152.05057386388455,146.11191629396006,143.69036514111258,40.0
80.0,1.0,40.0,143.47516508542503,151.72130348627067,151.69008358531974,159.53630867842688
80.0,2.0,143.47516508542503,40.0,134.87309631822967,135.93735921329966,152.12991767917453
80.0,3.0,151.72130348627067,134.87309631822967,40.0,118.23416571359698,146.11290615952052
80.0,4.0,151.69008358531974,135.93735921329966,118.23416571359698,40.0,143.69021825904335
80.0,5.0,159.53630867842688,152.12991767917453,146.11290615952052,143.69021825904335,40.0
81.0,1.0,40.0,143.64843639397571,151.75914268478,151.6267280824184,159.52665596525006
81.0,2.0,143.64843639397571,40.0,134.66137679776003,135.46634317129724,151.99277601006463
81.0,3.0,151.75914268478,134.66137679776003,40.0,118.7038488665062,146.13817068256455
81.0,4.0,151.6267280824184,135.46634317129724,118.7038488665062,40.0,143.7561587969054
81.0,5.0,159.52665596525006,151.99277601006463,146.13817068256455,143.7561587969054,40.0
82.0,1.0,40.0,143.30044305573068,151.61089235430683,151.54012035634278,159.4624739976747
82.0,2.0,143.30044305573068,40.0,134.8410072634531,135.72519591328978,152.0773899185266
82.0,3.0,151.61089235430683,134.8410072634531,40.0,118.41097165736812,146.18388564411237
82.0,4.0,151.54012035634278,135.72519591328978,118.41097165736812,40.0,143.7701513915084
82.0,5.0,159.4624739976747,152.0773899185266,146.18388564411237,143.7701513915084,40.0
83.0,1.0,40.0,143.40300793707985,151.61492894413306,151.49846501210368,159.47426499725952
83.0,2.0,143.40300793707985,40.0,134.66872705028516,135.4385018358533,151.99599099335754
83.0,3.0,151.61492894413306,134.66872705028516,40.0,118.96826165863675,146.21314542936256
83.0,4.0,151.49846501210368,135.4385018358533,118.96826165863675,40.0,143.79053785347122
83.0,5.0,159.47426499725952,151.99599099335754,146.21314542936256,143.79053785347122,40.0
84.0,1.0,40.0,143.0338003597202,151.46188201629076,151.49301176784343,159.43391970167357
84.0,2.0,143.0338003597202,40.0,134.86882001906133,135.95575352370966,152.13621409318762
84.0,3.0,151.46188201629076,134.86882001906133,40.0,118.87354508009643,146.3036521533631
84.0,4.0,151.49301176784343,135.95575352370966,118.87354508009643,40.0,143.7300905152947
84.0,5.0,159.43391970167357,152.13621409318762,146.3036521533631,143.7300905152947,40.0
85.0,1.0,40.0,143.16789684947696,151.44252238946717,151.37034798540483,159.40122403285653
85.0,2.0,143.16789684947696,40.0,134.60156320079523,135.53789847283724,152.03842833345158
85.0,3.0,151.44252238946717,134.60156320079523,40.0,119.36265577380897,146.3053595541332
85.0,4.0,151.37034798540483,135.53789847283724,119.36265577380897,40.0,143.78197605024752
85.0,5.0,159.40122403285653,152.03842833345158,146.3053595541332,143.78197605024752,40.0
86.0,1.0,40.0,143.11102648039292,151.44609706611476,151.46390945916104,159.47046228505286
86.0,2.0,143.11102648039292,40.0,134.70051211761543,135.80046335911854,152.12859827050877
86.0,3.0,151.44609706611476,134.70051211761543,40.0,119.26307886359054,146.34720251751153
86.0,4.0,151.46390945916104,135.80046335911854,119.26307886359054,40.0,143.7715793475475
86.0,5.0,159.47046228505286,152.12859827050877,146.34720251751153,143.7715793475475,40.0
87.0,1.0,40.0,142.93535611601925,151.47633846661736,151.3416359077118,159.43168814246673
87.0,2.0,142.93535611601925,40.0,135.054989880777,135.73746282721666,152.18069572847105
87.0,3.0,151.47633846661736,135.054989880777,40.0,119.50865425567511,146.39076652562704
87.0,4.0,151.3416359077118,135.73746282721666,119.50865425567511,40.0,143.91846493865108
87.0,5.0,159.43168814246673,152.18069572847105,146.39076652562704,143.91846493865108,40.0
88.0,1.0,40.0,142.97149520902175,151.4019825520021,151.27076796984363,159.3821804054718
88.0,2.0,142.97149520902175,40.0,134.80690685893273,135.61193847268237,152.11211582508648
88.0,3.0,151.4019825520021,134.80690685893273,40.0,120.14082837862645,146.40537998053034
88.0,4.0,151.27076796984363,135.61193847268237,120.14082837862645,40.0,143.8384918946209
88.0,5.0,159.3821804054718,152.11211582508648,146.40537998053034,143.8384918946209,40.0
89.0,1.0,40.0,142.653190660103,151.35453612276677,151.18760809652844,159.39087891150055
